60.0 50.0 3.963784218079822 2.3632000000000026 1.6005842180798195
70.0 50.0 8.719007921016996 7.660900000000005 1.0581079210169904
70.0 60.0 4.786261038898723 2.8095 1.9767610388987231
80.0 50.0 14.461797730962356 8.069500000000005 6.392297730962351
80.0 60.0 10.529050848844081 6.048700000000004 4.480350848844077
80.0 70.0 5.881259079067948 3.261100000000006 2.6201590790679417
90.0 50.0 20.22703922450235 11.511299999999999 8.71573922450235
90.0 60.0 16.294292342384075 9.187900000000006 7.106392342384069
90.0 70.0 11.646500572607941 9.0045 2.642000572607941
90.0 80.0 6.283663915173935 3.659400000000005 2.6242639151739295
100.0 50.0 27.51980504158128 15.497299999999996 12.022505041581283
100.0 60.0 23.58705815946301 13.202699999999993 10.384358159463016
100.0 70.0 18.939266389686875 10.454899999999995 8.48436638968688
100.0 80.0 13.576429732252867 10.700199999999995 2.876229732252872
100.0 90.0 7.498548187160993 4.109999999999999 3.3885481871609935
110.0 50.0 34.19404204935868 18.849599999999995 15.344442049358683
110.0 60.0 30.26129516724041 16.5368 13.72449516724041
110.0 70.0 25.613503397464275 15.065799999999996 10.547703397464279
110.0 80.0 20.250666740030265 11.031099999999995 9.21956674003027
110.0 90.0 14.172785194938392 7.382999999999996 6.789785194938396
110.0 100.0 7.3798587621886504 4.4863 2.8935587621886505
120.0 50.0 42.71004895483317 22.910399999999996 19.799648954833174
120.0 60.0 38.7773020727149 20.891400000000004 17.8859020727149
120.0 70.0 34.12951030293877 18.106400000000008 16.02311030293876
120.0 80.0 28.76667364550476 16.325400000000002 12.441273645504758
120.0 90.0 22.688792100412886 12.232399999999998 10.456392100412888
120.0 100.0 15.895865667663143 8.147400000000005 7.7484656676631385
120.0 110.0 8.387894347255543 4.933900000000008 3.4539943472555343
130.0 50.0 51.86774933400719 27.946000000000012 23.92174933400718
130.0 60.0 47.93500245188891 25.601000000000013 22.3340024518889
130.0 70.0 43.28721068211278 27.573999999999998 15.71321068211278
130.0 80.0 37.92437402467878 20.03099999999999 17.893374024678785
130.0 90.0 31.8464924795869 18.007999999999996 13.838492479586904
130.0 100.0 25.053566046837158 13.423999999999992 11.629566046837166
130.0 110.0 17.54559472642956 10.251000000000005 7.294594726429555
130.0 120.0 9.322578518364065 5.3700000000000045 3.95257851836406
140.0 50.0 61.38081008293375 32.56200000000001 28.818810082933737
140.0 60.0 57.448063200815476 30.539000000000016 26.90906320081546
140.0 70.0 52.80027143103934 28.173000000000002 24.62727143103934
140.0 80.0 47.43743477360533 26.458 20.979434773605334
140.0 90.0 41.359553228513455 21.86700000000002 19.492553228513437
140.0 100.0 34.56662679576372 18.390000000000015 16.176626795763703
140.0 110.0 27.058655475356115 14.558999999999997 12.499655475356118
140.0 120.0 18.835639267290624 10.352000000000004 8.48363926729062
140.0 130.0 9.897578171567305 5.789000000000016 4.10857817156729
150.0 50.0 72.55472015431238 38.56300000000002 33.99172015431236
150.0 60.0 68.62197327219411 36.19 32.431973272194114
150.0 70.0 63.97418150241797 33.797 30.177181502417973
150.0 80.0 58.61134484498397 31.052999999999997 27.55834484498397
150.0 90.0 52.53346329989209 30.745000000000005 21.788463299892086
150.0 100.0 45.740536867142346 23.90700000000001 21.833536867142335
150.0 110.0 38.23256554673475 22.741000000000014 15.491565546734734
150.0 120.0 30.009549338669256 15.799000000000007 14.21054933866925
150.0 130.0 21.071488242945936 14.390999999999991 6.680488242945945
150.0 140.0 11.41838225956472 6.246000000000009 5.17238225956471
160.0 50.0 82.66778707050113 44.41899999999998 38.24878707050115
160.0 60.0 78.73504018838285 42.127999999999986 36.60704018838287
160.0 70.0 74.08724841860672 39.38499999999999 34.70224841860673
160.0 80.0 68.7244117611727 39.13899999999998 29.585411761172722
160.0 90.0 62.64653021608083 33.047 29.599530216080836
160.0 100.0 55.85360378333109 30.782999999999987 25.0706037833311
160.0 110.0 48.3456324629235 25.709000000000003 22.636632462923494
160.0 120.0 40.122616254858 22.960000000000008 17.162616254857994
160.0 130.0 31.184555159134682 16.906999999999982 14.2775551591347
160.0 140.0 21.531449175753465 12.817000000000007 8.714449175753458
160.0 150.0 11.16329830471439 6.658999999999992 4.504298304714398
170.0 50.0 95.16779874003369 51.248999999999995 43.918798740033694
170.0 60.0 91.23505185791542 48.81699999999998 42.418051857915444
170.0 70.0 86.58726008813929 46.277000000000015 40.31026008813927
170.0 80.0 81.22442343070527 43.80500000000001 37.419423430705265
170.0 90.0 75.1465418856134 40.40899999999999 34.73754188561341
170.0 100.0 68.35361545286365 36.372000000000014 31.981615452863636
170.0 110.0 60.84564413245606 37.97200000000001 22.87364413245605
170.0 120.0 52.622627924390564 27.631 24.991627924390563
170.0 130.0 43.68456682866725 25.429000000000002 18.25556682866725
170.0 140.0 34.03146084528603 18.083 15.948460845286029
170.0 150.0 23.663309974246953 14.602000000000004 9.06130997424695
170.0 160.0 12.580114215550001 7.0870000000000175 5.4931142155499835
180.0 50.0 106.6907974438003 57.38300000000001 49.3077974438003
180.0 60.0 102.75805056168203 55.24800000000002 47.51005056168201
180.0 70.0 98.11025879190589 57.47400000000002 40.636258791905874
180.0 80.0 92.74742213447188 49.833 42.91442213447188
180.0 90.0 86.66954058938 46.54900000000001 40.12054058938
180.0 100.0 79.87661415663027 42.32599999999999 37.550614156630274
180.0 110.0 72.36864283622268 43.758999999999986 28.60964283622269
180.0 120.0 64.14562662815717 34.37899999999999 29.766626628157184
180.0 130.0 55.20756553243386 29.527000000000015 25.680565532433846
180.0 140.0 45.55445954905264 26.618000000000023 18.936459549052614
180.0 150.0 35.18630867801357 19.198999999999984 15.987308678013584
180.0 160.0 24.10311291931661 13.525000000000006 10.578112919316606
180.0 170.0 12.304872272961802 7.501000000000005 4.803872272961797
190.0 50.0 119.95370078632055 63.599999999999966 56.35370078632059
190.0 60.0 116.02095390420227 63.13299999999998 52.88795390420229
190.0 70.0 111.37316213442614 59.303 52.07016213442614
190.0 80.0 106.01032547699212 55.99899999999997 50.011325476992155
190.0 90.0 99.93244393190025 52.69599999999997 47.23644393190028
190.0 100.0 93.13951749915051 49.01099999999997 44.12851749915055
190.0 110.0 85.63154617874291 44.940999999999974 40.690546178742935
190.0 120.0 77.40852997067742 40.47300000000001 36.93552997067741
190.0 130.0 68.47046887495411 35.60300000000001 32.8674688749541
190.0 140.0 58.817362891572884 35.028999999999996 23.788362891572888
190.0 150.0 48.44921202053381 25.491999999999962 22.957212020533845
190.0 160.0 37.366016261836855 19.464 17.902016261836856
190.0 170.0 25.567775615482045 18.72999999999996 6.837775615482084
190.0 180.0 13.054490081469359 7.200999999999965 5.853490081469394
200.0 50.0 134.27692349934958 70.892 63.38492349934958
200.0 60.0 130.34417661723128 68.75899999999996 61.585176617231326
200.0 70.0 125.69638484745516 65.85399999999998 59.84238484745518
200.0 80.0 120.33354819002115 67.85199999999998 52.48154819002117
200.0 90.0 114.25566664492928 60.07299999999998 54.1826666449293
200.0 100.0 107.46274021217954 55.85499999999996 51.60774021217958
200.0 110.0 99.95476889177193 51.74399999999997 48.21076889177196
200.0 120.0 91.73175268370645 52.61899999999997 39.112752683706475
200.0 130.0 82.79369158798313 43.067999999999984 39.72569158798315
200.0 140.0 73.14058560460191 37.81699999999995 35.32358560460196
200.0 150.0 62.77243473356284 38.028999999999996 24.743434733562843
200.0 160.0 51.68923897486588 26.99399999999997 24.69523897486591
200.0 170.0 39.890998328511074 20.581999999999994 19.30899832851108
200.0 180.0 27.377712794498386 18.790999999999997 8.58671279449839
200.0 190.0 14.149382372827839 7.59699999999998 6.552382372827859
210.0 50.0 149.1831441753587 82.08099999999996 67.10214417535875
210.0 60.0 145.25039729324044 76.31 68.94039729324044
210.0 70.0 140.6026055234643 73.44399999999996 67.15860552346433
210.0 80.0 135.2397688660303 70.52199999999999 64.7177688660303
210.0 90.0 129.16188732093843 67.21999999999997 61.94188732093846
210.0 100.0 122.36896088818867 63.536 58.832960888188666
210.0 110.0 114.86098956778109 59.45999999999998 55.40098956778111
210.0 120.0 106.63797335971559 54.986999999999966 51.65097335971562
210.0 130.0 97.69991226399227 53.02199999999999 44.67791226399228
210.0 140.0 88.04680628061105 45.625 42.42180628061105
210.0 150.0 77.67865540957197 39.997000000000014 37.68165540957196
210.0 160.0 66.59545965087503 37.53800000000001 29.057459650875018
210.0 170.0 54.797219004520215 28.47999999999996 26.317219004520254
210.0 180.0 42.28393347050753 21.689999999999998 20.59393347050753
210.0 190.0 29.05560304883698 19.790999999999997 9.264603048836982
210.0 200.0 15.112227739508555 7.988999999999976 7.123227739508579
220.0 50.0 163.86691734710334 92.48000000000008 71.38691734710326
220.0 60.0 159.93417046498507 84.69300000000004 75.24117046498503
220.0 70.0 155.28637869520895 82.17500000000001 73.11137869520894
220.0 80.0 149.92354203777492 79.27699999999999 70.64654203777494
220.0 90.0 143.84566049268307 75.50000000000006 68.34566049268301
220.0 100.0 137.0527340599333 76.262 60.7907340599333
220.0 110.0 129.5447627395257 68.29100000000005 61.253762739525655
220.0 120.0 121.32174653146022 63.19300000000004 58.12874653146018
220.0 130.0 112.38368543573691 58.311000000000035 54.07268543573687
220.0 140.0 102.73057945235568 59.299000000000035 43.43157945235565
220.0 150.0 92.3624285813166 48.20800000000003 44.15442858131658
220.0 160.0 81.27923282261966 42.19200000000001 39.087232822619654
220.0 170.0 69.48099217626485 39.56900000000002 29.91199217626483
220.0 180.0 56.96770664225216 29.95300000000003 27.01470664225213
220.0 190.0 43.73937622058162 22.772000000000048 20.96737622058157
220.0 200.0 29.79600091125319 19.650000000000034 10.146000911253157
220.0 210.0 15.137580714266932 8.362000000000023 6.7755807142669084
230.0 50.0 180.0992251201561 95.32300000000009 84.776225120156
230.0 60.0 176.1664782380378 92.86300000000006 83.30347823803774
230.0 70.0 171.51868646826168 95.81700000000001 75.70168646826167
230.0 80.0 166.15584981082765 87.82100000000003 78.33484981082762
230.0 90.0 160.0779682657358 84.06600000000003 76.01196826573576
230.0 100.0 153.28504183298605 80.36300000000006 72.922041832986
230.0 110.0 145.77707051257843 78.12 67.65707051257843
230.0 120.0 137.55405430451296 71.80600000000004 65.74805430451292
230.0 130.0 128.61599320878963 66.94400000000007 61.67199320878956
230.0 140.0 118.96288722540842 61.68700000000001 57.27588722540841
230.0 150.0 108.59473635436935 61.06000000000006 47.53473635436929
230.0 160.0 97.51154059567239 50.874000000000024 46.63754059567236
230.0 170.0 85.71329994931759 44.47000000000003 41.24329994931756
230.0 180.0 73.20001441530489 41.67900000000009 31.521014415304805
230.0 190.0 59.97168399363435 31.5 28.47168399363435
230.0 200.0 46.02830868430593 23.925000000000068 22.10330868430586
230.0 210.0 31.369888487319663 22.97300000000007 8.396888487319593
230.0 220.0 15.996423402675527 8.770000000000095 7.226423402675431
240.0 50.0 196.5694917232124 103.63900000000001 92.93049172321238
240.0 60.0 192.63674484109413 101.226 91.41074484109413
240.0 70.0 187.98895307131798 98.71100000000001 89.27795307131797
240.0 80.0 182.62611641388395 95.375 87.25111641388395
240.0 90.0 176.5482348687921 96.08300000000008 80.46523486879201
240.0 100.0 169.75530843604236 88.89700000000005 80.85830843604231
240.0 110.0 162.24733711563474 84.2460000000001 78.00133711563464
240.0 120.0 154.02432090756926 79.75900000000001 74.26532090756925
240.0 130.0 145.08625981184593 78.519 66.56725981184593
240.0 140.0 135.43315382846473 70.40400000000011 65.02915382846462
240.0 150.0 125.06500295742565 63.96500000000003 61.100002957425616
240.0 160.0 113.98180719872869 57.899 56.08280719872869
240.0 170.0 102.18356655237389 53.32300000000009 48.8605665523738
240.0 180.0 89.6702810183612 45.5630000000001 44.10728101836109
240.0 190.0 76.44195059669065 39.388000000000034 37.05395059669061
240.0 200.0 62.49857528736223 32.92100000000005 29.57757528736218
240.0 210.0 47.840155090375966 23.821000000000026 24.01915509037594
240.0 220.0 32.46669000573183 20.314000000000078 12.152690005731749
240.0 230.0 16.378180033429793 9.145000000000095 7.233180033429697
250.0 50.0 214.80494207921896 112.298 102.50694207921896
250.0 60.0 210.87219519710072 109.97299999999996 100.89919519710077
250.0 70.0 206.22440342732457 108.93299999999999 97.29140342732458
250.0 80.0 200.86156676989054 104.47699999999998 96.38456676989057
250.0 90.0 194.7836852247987 100.8549999999999 93.92868522479878
250.0 100.0 187.99075879204892 104.17999999999995 83.81075879204897
250.0 110.0 180.48278747164133 92.9029999999999 87.57978747164142
250.0 120.0 172.25977126357586 87.94799999999998 84.31177126357588
250.0 130.0 163.32171016785253 84.1289999999999 79.19271016785262
250.0 140.0 153.66860418447132 78.36199999999997 75.30660418447135
250.0 150.0 143.30045331343223 81.356 61.944453313432234
250.0 160.0 132.21725755473528 67.11199999999997 65.10525755473532
250.0 170.0 120.41901690838047 60.68399999999997 59.7350169083805
250.0 180.0 107.90573137436778 61.89999999999998 46.0057313743678
250.0 190.0 94.67740095269724 47.66899999999998 47.00840095269726
250.0 200.0 80.73402564336881 40.067999999999984 40.666025643368826
250.0 210.0 66.07560544638255 33.233999999999924 32.84160544638263
250.0 220.0 50.702140361738415 24.865999999999985 25.83614036173843
250.0 230.0 34.61363038943638 19.91599999999994 14.69763038943644
250.0 240.0 17.810075529476443 9.533999999999992 8.27607552947645
260.0 50.0 231.9873302662198 133.01200000000006 98.97533026621974
260.0 60.0 228.0545833841015 118.42200000000003 109.63258338410148
260.0 70.0 223.40679161432539 115.62400000000002 107.78279161432536
260.0 80.0 218.04395495689138 112.86800000000005 105.17595495689133
260.0 90.0 211.9660734117995 109.221 102.7450734117995
260.0 100.0 205.17314697904976 107.56600000000003 97.60714697904973
260.0 110.0 197.66517565864214 101.89099999999996 95.77417565864218
260.0 120.0 189.44215945057667 96.97800000000007 92.4641594505766
260.0 130.0 180.50409835485334 92.40300000000002 88.10109835485332
260.0 140.0 170.85099237147213 86.61599999999999 84.23499237147215
260.0 150.0 160.48284150043307 86.803 73.67984150043307
260.0 160.0 149.3996457417361 75.577 73.8226457417361
260.0 170.0 137.6014050953813 72.64499999999998 64.95640509538131
260.0 180.0 125.0881195613686 63.096000000000004 61.9921195613686
260.0 190.0 111.85978913969805 59.80200000000002 52.05778913969803
260.0 200.0 97.91641383036963 49.16300000000001 48.753413830369624
260.0 210.0 83.25799363338338 45.50599999999997 37.75199363338341
260.0 220.0 67.88452854873924 33.75999999999999 34.12452854873925
260.0 230.0 51.7960185764372 32.548 19.248018576437197
260.0 240.0 34.99246371647727 16.854000000000042 18.138463716477226
260.0 250.0 17.473863968859558 9.360000000000014 8.113863968859544
270.0 50.0 250.88364260812335 139.32999999999993 111.55364260812343
270.0 60.0 246.95089572600506 129.56999999999994 117.38089572600512
270.0 70.0 242.30310395622894 126.81999999999994 115.483103956229
270.0 80.0 236.94026729879494 127.55999999999995 109.38026729879499
270.0 90.0 230.86238575370305 120.51999999999998 110.34238575370307
270.0 100.0 224.06945932095334 116.4699999999998 107.59945932095354
270.0 110.0 216.5614880005457 121.45999999999981 95.10148800054588
270.0 120.0 208.33847179248022 107.7199999999998 100.61847179248042
270.0 130.0 199.4004106967569 102.33999999999992 97.06041069675697
270.0 140.0 189.74730471337568 98.2199999999998 91.52730471337588
270.0 150.0 179.37915384233662 92.02999999999997 87.34915384233665
270.0 160.0 168.29595808363965 86.34999999999991 81.94595808363974
270.0 170.0 156.49771743728485 80.30999999999995 76.1877174372849
270.0 180.0 143.98443190327217 80.56999999999994 63.41443190327223
270.0 190.0 130.7561014816016 66.01999999999998 64.73610148160162
270.0 200.0 116.81272617227319 66.2199999999998 50.59272617227339
270.0 210.0 102.15430597528693 51.32999999999993 50.824305975287004
270.0 220.0 86.78084089064279 48.82999999999993 37.950840890642866
270.0 230.0 70.69233091834076 35.179999999999836 35.51233091834092
270.0 240.0 53.88877605838082 33.899999999999864 19.988776058380957
270.0 250.0 36.370176310763114 17.529999999999973 18.84017631076314
270.0 260.0 18.136531675487547 9.730000000000018 8.406531675487528
280.0 50.0 270.43531590969144 141.01 129.42531590969145
280.0 60.0 266.5025690275732 138.66999999999985 127.83256902757336
280.0 70.0 261.854777257797 141.06999999999994 120.78477725779709
280.0 80.0 256.491940600363 133.14999999999986 123.34194060036316
280.0 90.0 250.41405905527117 129.52999999999997 120.8840590552712
280.0 100.0 243.62113262252143 134.70000000000005 108.92113262252138
280.0 110.0 236.1131613021138 121.58999999999992 114.52316130211389
280.0 120.0 227.89014509404834 116.63999999999987 111.25014509404846
280.0 130.0 218.95208399832504 112.81999999999994 106.1320839983251
280.0 140.0 209.2989780149438 107.06999999999994 102.22897801494386
280.0 150.0 198.93082714390468 111.00999999999999 87.92082714390469
280.0 160.0 187.84763138520776 95.13999999999987 92.70763138520789
280.0 170.0 176.04939073885296 93.25 82.79939073885296
280.0 180.0 163.53610520484025 82.65999999999985 80.8761052048404
280.0 190.0 150.30777478316972 78.21000000000004 72.09777478316968
280.0 200.0 136.3643994738413 68.74000000000001 67.6243994738413
280.0 210.0 121.70597927685503 61.23000000000002 60.475979276855014
280.0 220.0 106.3325141922109 53.37999999999988 52.95251419221101
280.0 230.0 90.24400421990886 46.549999999999955 43.694004219908905
280.0 240.0 73.44044935994893 36.539999999999964 36.900449359948965
280.0 250.0 55.921849612331215 33.680000000000064 22.24184961233115
280.0 260.0 37.68820497705565 18.190000000000055 19.498204977055593
280.0 270.0 18.7395154541221 10.089999999999918 8.64951545412218
290.0 50.0 291.3631042308062 150.48999999999978 140.8731042308064
290.0 60.0 287.4303573486879 156.76999999999998 130.6603573486879
290.0 70.0 282.7825655789118 146.15999999999985 136.62256557891192
290.0 80.0 277.4197289214777 142.86000000000013 134.55972892147759
290.0 90.0 271.3418473763859 139.55999999999995 131.78184737638594
290.0 100.0 264.5489209436361 135.3199999999997 129.2289209436364
290.0 110.0 255.6127399869404 132.71000000000004 122.90273998694036
290.0 120.0 248.81793341516303 127.38000000000011 121.43793341516292
290.0 130.0 239.87987231943973 121.82999999999993 118.0498723194398
290.0 140.0 230.2267663360585 116.53999999999996 113.68676633605853
290.0 150.0 219.8586154650194 119.25999999999976 100.59861546501963
290.0 160.0 208.77541970632245 105.70999999999981 103.06541970632264
290.0 170.0 196.97717905996763 99.29999999999995 97.67717905996767
290.0 180.0 184.46389352595497 95.50999999999999 88.95389352595498
290.0 190.0 171.23556310428444 86.13999999999987 85.09556310428457
290.0 200.0 157.292187794956 77.78999999999996 79.50218779495603
290.0 210.0 142.63376759796975 71.53999999999996 71.09376759796979
290.0 220.0 127.2603025133256 62.34999999999991 64.91030251332569
290.0 230.0 111.17179254102356 55.49000000000001 55.681792541023555
290.0 240.0 94.36823768106363 46.899999999999864 47.46823768106377
290.0 250.0 76.84963793344592 37.94999999999982 38.8996379334461
290.0 260.0 58.61599329817036 33.37999999999988 25.235993298170477
290.0 270.0 39.66730377523681 18.86999999999989 20.79730377523692
290.0 280.0 20.003569364645486 10.459999999999809 9.543569364645677