0.0;0.0
5.0;29.4447
10.0;48.6794
15.0;65.5433
20.0;77.5104
25.0;82.4518
30.0;85.6111
35.0;91.7556
40.0;98.0025
45.0;103.634
50.0;109.327
55.0;114.311
60.0;119.053
65.0;123.541
70.0;127.195
75.0;129.498
80.0;129.609
85.0;132.497
90.0;135.339
95.0;138.231
100.0;141.125
105.0;144.024
110.0;146.442
115.0;149.334
120.0;151.758
125.0;154.66
130.0;157.025
135.0;159.333
140.0;161.586
145.0;163.783
150.0;165.927
155.0;168.018
160.0;170.057
165.0;172.046
170.0;173.625
175.0;173.844
180.0;173.964
185.0;175.61
190.0;176.924
195.0;178.564
200.0;179.873

210.0;182.81
220.0;185.734
230.0;188.646
240.0;191.545
250.0;194.111
260.0;196.983
270.0;199.489
280.0;201.921
290.0;204.211
300.0;206.505
310.0;208.731
320.0;210.891
330.0;212.728
340.0;214.769
350.0;216.748
360.0;218.431
370.0;219.02
380.0;219.144
390.0;220.729
400.0;222.107

420.0;225.029
440.0;227.717
460.0;230.369
480.0;232.761
500.0;235.347
520.0;237.89
540.0;240.307
560.0;242.77
580.0;244.971
600.0;247.082
620.0;249.108
640.0;251.196
660.0;252.913
680.0;254.698
700.0;256.41
720.0;258.051
740.0;259.624
760.0;261.017
780.0;262.465
800.0;263.748

840.0;266.263
880.0;266.789
920.0;268.143
960.0;269.957
1000.0;271.712
1040.0;273.409
1080.0;275.05
1120.0;276.637
1160.0;278.17
1200.0;279.591
1240.0;280.966
1280.0;282.352
1320.0;283.634
1360.0;284.84
1400.0;285.965
1440.0;287.015
1480.0;287.953
1520.0;288.869
1560.0;289.724
1600.0;290.487
1640.0;291.232
1680.0;291.898
1720.0;292.548
1760.0;292.7
1800.0;293.056
1840.0;293.627
1879.0;293.811
1920.0;294.309
1960.0;294.795
2000.0;295.228